2250776694863
2250776697034
2250776694669
2250776695890
2250776691596
2250776691347
2250776694263
2250776693591
2250776697543
2250776692551
2250776695373
2250776691910
2250776698527
2250776696061
2250776698579
2250776692892
2250776694821
2250776699189
2250776690425
2250776691272
2250776697908
2250776699193
2250776691491
2250776698392
2250776699535
2250776697888
2250776693529
2250776691498
2250776699344
2250776696975
2250776695489
2250776695388
2250776693005
2250776690070
2250776694506
2250776691185
2250776695186
2250776694093
2250776694643
2250776696811
2250776697197
2250776690989
2250776698350
2250776691891
2250776699819
2250776699286
2250776695978
2250776691087
2250776699650
2250776692444
2250776695719
2250776697794
2250776691754
2250776692281
2250776696164
2250776692865
2250776698923
2250776697610
2250776698540
2250776693475
2250776692758
2250776690658
2250776699294
2250776696841
2250776690309
2250776695004
2250776692476
2250776698044
2250776693693
2250776697128
2250776695500
2250776694875
2250776698798
2250776696335
2250776690408
2250776693744
2250776691545
2250776699953
2250776696017
2250776694709
2250776697640
2250776697164
2250776697565
2250776692952
2250776697876
2250776691343
2250776699150
2250776693117
2250776698014
2250776693449
2250776696870
2250776699368
2250776697868
2250776695626
2250776698430
2250776694758
2250776694913
2250776691032
2250776692949
2250776694888